"","vmm","year","T_av","pH_av","O2_av","O2_sat_av","con_av","Cl_av","BOC_av","COD_av","KjN_av","NH4_av","NO3_av","NO2_av","Nt_av","Pt_av","oPO4_av","SO4_av","SM_av","T_max","pH_max","O2_max","O2_sat_max","con_max","Cl_max","BOC_max","COD_max","KjN_max","NH4_max","NO3_max","NO2_max","Nt_max","Pt_max","oPO4_max","SO4_max","SM_max","T_min","pH_min","O2_min","O2_sat_min","con_min","Cl_min","BOC_min","COD_min","KjN_min","NH4_min","NO3_min","NO2_min","Nt_min","Pt_min","oPO4_min","SO4_min","SM_min","T","pH","O2","O2_sat","con","Cl","BOC","COD","KjN","NH4","NO3","NO2","Nt","Pt","oPO4","SO4","SM","site","updist","netcen","updist2","Updist3"
"vmm",1,-0.123200766851204,0.0904338162479175,0.0133085247252261,0.231877692986263,0.274274985627416,0.000347111239522146,0.0491277371889947,-0.0421024945438654,-0.0577311621842353,-0.0357850769339763,-0.0398634838131249,0.217053627466238,-0.0251657261715065,0.132145457060659,-0.0537585279787741,-0.0172362660959851,0.19404638741066,-0.310800516074818,0.00946092723147831,0.0037229072809232,0.0378214212475504,0.136133508930372,0.0868785264367606,0.0461254657196416,-0.105340307262394,-0.0504005933341327,0.0551096529283269,-0.039130397031218,0.259753999270458,-0.0390484733026543,0.10643877940411,-0.115102575422572,-0.0192638243685856,0.256805539597509,-0.111891830975808,0.135785169020233,0.0362710933467566,0.273565537715026,0.269459856759129,-0.051224472072544,0.00249389845785819,0.0111716613597453,-0.160216034192288,-0.13191614276546,-0.0562487853648042,-0.0214186741895358,-0.0286088480452567,0.0203523529236639,-0.106834212389227,-0.0177375854242635,-0.0227935629583772,-0.620658573693311,-0.117768317967375,-0.0320541515610252,0.201776517371309,0.179533702392202,0.0409248993458345,0.15016685115193,0.0750617838540362,0.105889170174689,0.137200150062471,0.0759933697656373,0.104461222175189,-0.029745983616579,0.176114743546805,0.00424397218789148,-0.016582662533666,0.263423532844068,-0.17750640606292,-0.285235363218781,0.239904417052057,0.236181588141928,0.0380560726473906,0.0514746059199109
"year",-0.123200766851204,1,0.41364756080204,-0.223291731134142,-0.361331310555863,-0.264225407847315,-0.201676255212191,-0.275627799041681,0.125397738768968,0.225086859477296,0.1850105397978,0.1539266996718,-0.309417498570856,0.00627250244319772,-0.258076359700574,0.0502402620222014,0.000160950187721673,-0.125240783872543,0.0558659256290129,0.24242192036174,-0.146455358489077,-0.0685882502982525,-0.00757572232286922,-0.249258863918096,-0.309975997729395,0.166457822468867,0.233309958537363,0.0363103818756844,0.141146564170294,-0.259342109091445,0.0142162492035476,-0.0587549326963672,0.130325939967083,0.00283495764797322,-0.105721962209246,0.0269948780413949,0.156433186031912,-0.210521434803571,-0.345937162203702,-0.325392008734527,-0.271355005449344,-0.227133692378342,0.0768180080724677,0.325216179567702,0.377440936409007,0.252655130664235,-0.158105045785314,0.00707205911801232,-0.229460867316569,0.0676555101079568,0.000801091704128171,-0.0578761226125282,-0.031755655933891,0.0424105609985432,-0.288786022754165,-0.144289861224653,-0.140024050880889,-0.315519768201267,-0.0772979305922062,0.0448146042665857,0.0691950891158674,-0.183023296642389,-0.149817874828172,-0.0658695190366864,0.0197060279635293,-0.364709606111467,-0.0605967811279451,-0.00201287924752669,-0.023209968927477,0.120221367307283,0.109370543778046,-0.237659465973943,-0.222711360029153,-0.160396578477021,0.151422476330836
"T_av",0.0904338162479175,0.41364756080204,1,0.0791663076651409,-0.274525165660733,-0.0182378599036177,-0.0775915476840447,0.261456886822624,-0.377870659452953,0.174444782028482,0.193505693553766,0.147703457091434,0.126860820422212,-0.228744572420585,0.231131835523667,0.18729275500081,-0.244160776201507,0.186380044598598,-0.122670515581656,0.531515553338641,0.105118642707139,-0.116160724240704,0.234443244875405,0.111087495970668,0.198172711964733,-0.348664141810212,0.0826201671580581,0.223548568736251,0.282140298839141,0.250790479308217,-0.23413918070355,0.391227837202414,0.0530408311240579,-0.245938274951875,0.0915901649155876,-0.163832380063693,0.578795344871525,0.089567017853867,-0.185006506643612,-0.152109451517875,-0.118511429056449,0.330813562757277,-0.386944941887461,0.258494013815358,-0.0187177586639441,0.0136511954600123,-0.0640303675492409,-0.238906065087957,0.130388784215425,0.176292595789976,-0.245005633720817,0.220055614326974,-0.043038792954447,0.490949526498933,0.0663501789405812,-0.352974294445645,-0.178308080118997,-0.0082079406444243,0.338733750605483,-0.347105367339081,0.218311962331625,0.264939579940244,0.190446381131995,0.00913952333550281,-0.222791637626794,0.25176290135609,0.377664992624515,-0.242463076680439,0.125014786542387,-0.0425299470466747,0.22625214297721,-0.483928888833973,-0.00758033832675258,-0.3899608307148,-0.12998312174477
"pH_av",0.0133085247252261,-0.223291731134142,0.0791663076651409,1,0.498301318438528,0.531898865000158,0.858196650552299,0.145729635904411,0.00746336996025119,-0.523695246777668,-0.208388570179541,-0.267385491318706,0.182522183343208,-0.0192930020645366,0.0463978856389882,-0.208306513741804,-0.0211051129955631,0.658238266350925,-0.107709429367828,0.024787673243603,0.908913718553663,0.522625350947076,0.481157759188242,0.763375070284741,0.174369253495248,0.0493063793170358,-0.551748088111463,-0.248867676163395,-0.286506281258073,0.0274146754846003,-0.0362528674559915,-0.104681072721418,-0.231487429538714,-0.0212470330636857,0.59748611081571,-0.0668180689567307,0.0325645679438138,0.95083661360353,0.281989436244589,0.370953296967135,0.572171511596627,0.197267947322666,0.0280957015378822,-0.326002407027166,-0.0793182327889481,-0.12419746449833,0.330317903462287,-0.00320447872512867,0.117205846916309,-0.0835743158831955,-0.0207190370374699,0.691726246638992,-0.0278699446068964,0.130314780681386,0.929537006139085,0.436469868339993,0.568591101298664,0.573053594418612,0.171729291377493,-0.17266149159189,-0.264354441290021,-0.248547044727921,-0.290289926727468,0.361365782758383,-0.0412384629299123,0.084017388938866,-0.127424927077591,-0.0211003118307717,0.624876672822642,0.0321380807172345,0.139558589517987,0.252530557534263,0.449228821476494,0.333134196801875,0.0654704634644876
"O2_av",0.231877692986263,-0.361331310555863,-0.274525165660733,0.498301318438528,1,0.96310215864868,0.411482657092834,-0.258771227546241,-0.307809175248858,-0.555962872863968,-0.661394704526019,-0.666437296517909,0.173353964017263,-0.139736427514013,-0.177387972022273,-0.670544586280742,-0.134995070553176,0.292759814162461,-0.0531281553224619,-0.314601962519723,0.316150041355578,0.607047709597564,0.454953202424326,0.111800139516034,-0.171102177391628,-0.429982342364856,-0.538105653995718,-0.63637604329715,-0.695981027941128,-0.0449926609862398,-0.160712384120945,-0.355711005040158,-0.716465754041605,-0.143453780555856,0.326258384549744,0.0121031578302001,-0.12437277887555,0.512553003864999,0.82914285946591,0.856520507618231,0.490594070331048,-0.212285282680882,-0.129788271322141,-0.577437118796895,-0.214249118613654,-0.497376931515942,0.392326271928616,-0.118597525729483,-0.0622359694246622,-0.541248248171906,-0.130499239355562,0.346774543240579,-0.125480255357663,0.0660325916966721,0.39218682247276,0.607950923149525,0.70587892830744,0.0645379698292009,-0.128385797820658,-0.190066314576611,-0.364049005257989,-0.39149988277559,-0.468495071351811,0.310635048238785,-0.161624401350355,-0.0799998757828997,-0.450496459361734,-0.131455257236649,0.299883556242981,0.0433058196552826,-0.0400783791805254,0.447704012858885,0.372019307214512,0.343765029568429,-0.0248268981947387
"O2_sat_av",0.274274985627416,-0.264225407847315,-0.0182378599036177,0.531898865000158,0.96310215864868,1,0.412812261604042,-0.195443145624144,-0.403350639281279,-0.555264012406933,-0.62543442392694,-0.654230521938825,0.232639906138047,-0.196734214676631,-0.10887418313596,-0.652153410671456,-0.19545964203234,0.33637112642731,-0.0953654772470868,-0.205134804131175,0.346432046222093,0.583701920008904,0.542072410188855,0.149299853940133,-0.12847173017127,-0.523521662734337,-0.566504440176648,-0.591791501704471,-0.656502955373454,0.0299555456805825,-0.221123352653743,-0.267541049173929,-0.737090735564196,-0.2047648819629,0.346390664861887,-0.0297440465327638,0.0617274152252264,0.559300248608601,0.826599439096597,0.861304193160459,0.483757915933408,-0.123856845981464,-0.222808450365138,-0.548598545911694,-0.230813000206427,-0.517123338337792,0.413622467517639,-0.176995785177895,-0.0108071777571339,-0.5185848541951,-0.191031194586531,0.399014010267871,-0.145917638897289,0.189948574043163,0.414160167276152,0.522314784013136,0.668204758007107,0.0772813661005898,-0.0324373358678658,-0.263478984802887,-0.330906599367512,-0.321502535308602,-0.424439539264578,0.340893974549384,-0.217332609746165,0.00347885980325108,-0.363403695469344,-0.191253579988619,0.331091574333054,0.00908189537017544,0.027352590334258,0.330211311029195,0.402917882347335,0.238776097335169,-0.0747137226220975
"con_av",0.000347111239522146,-0.201676255212191,-0.0775915476840447,0.858196650552299,0.411482657092834,0.412812261604042,1,0.0292251585678809,0.0923065963102752,-0.600032976563364,-0.325281265225081,-0.376133524472143,0.128728483514,0.00986733789407788,-0.0456383666259223,-0.275462305250407,0.0122588809244463,0.590199318345345,-0.0518607298485524,0.0290958083854922,0.79636547204929,0.462953270276084,0.389823886990024,0.765829659905826,0.0498770637318951,0.178273767608514,-0.531156690180498,-0.389472211667992,-0.418044273842256,-0.0887391341587058,0.00669432895634129,-0.186138142912072,-0.177605487403103,0.0126220037755014,0.56039793809998,0.0248427651975861,-0.107094686219682,0.828593382687927,0.204692647168103,0.258500778358603,0.709715917579217,0.0902287458356357,0.0508542170753842,-0.385449082749583,-0.0782775098818543,-0.179497112734867,0.462215906049893,0.0270892996115018,0.0883764561900875,-0.143052538193979,0.0142970331981886,0.676462069926391,-0.0629820503352728,0.101285103132726,0.816938488775028,0.344908512222112,0.440549532207746,0.618466866932961,0.12247227408533,-0.0373500198910466,-0.421181947410037,-0.394972776629519,-0.408754145900471,0.427349521958698,0.00768118677251767,0.0249394377982945,-0.264066490937863,0.0114669430608075,0.586117895373334,-0.0124418672303218,0.137573546397069,0.339781159346642,0.406546787210788,0.319937295020118,0.130214956420147
"Cl_av",0.0491277371889947,-0.275627799041681,0.261456886822624,0.145729635904411,-0.258771227546241,-0.195443145624144,0.0292251585678809,1,-0.0208899595250859,0.226190999665208,0.477910338773257,0.475525740525539,0.471126340352976,-0.0084566318050532,0.575013527221365,0.6634396648069,-0.0379785239827109,0.260097560519185,-0.121730381901515,0.245875572761872,0.154520857485574,-0.3817557818046,-0.170802591234676,0.550815029054512,0.906611915705903,-0.0197632144302755,0.0353006998332978,0.655352377639033,0.535277849108067,0.615613563830907,-0.0132578197855088,0.50585017665768,0.436706079477865,-0.0340425293882265,0.114902771400534,-0.077627046362753,0.209286144710158,0.140043567571018,-0.0953029176877832,-0.0925571145216312,-0.289603111993003,0.941320116203387,-0.0460133314477177,0.214394348809998,-0.076189368737242,0.172059247952374,-0.0998425327094482,-0.0363554250489099,0.459756579604347,0.577707430289813,-0.0440863598029753,0.270541078816615,-0.0122760927194916,0.0778993279795173,0.272507953232835,-0.106747825281534,-0.084029031609972,0.370462856690197,0.75412329873183,0.00576241965830166,0.461128497915246,0.758387874968103,0.698282585682756,-0.119019356699159,-0.0310858268598225,0.528008997937629,0.794400285986418,-0.0376796798679908,0.112797872795817,-0.0263675169469083,-0.00041828882919653,-0.1802260538422,0.106147449607078,-0.163417193502278,-0.0618695251093835
"BOC_av",-0.0421024945438654,0.125397738768968,-0.377870659452953,0.00746336996025119,-0.307809175248858,-0.403350639281279,0.0923065963102752,-0.0208899595250859,1,-0.176451268384652,0.0905869383920427,0.495477671708625,-0.367914171637057,0.896172124977326,-0.29652668723681,0.0979206442044825,0.903641420751067,0.527862406274218,-0.0743922492899682,-0.0540697312187974,0.0216504362781622,-0.114114730294609,-0.197149107880318,0.235443434484107,-0.0542948410053909,0.942144861568151,-0.116693521859883,0.0847608477392853,0.285549503242233,-0.268456916637236,0.892993704241651,-0.299159664279307,0.136155472240153,0.908683774424919,0.581026375642465,-0.163336569994121,-0.169819394600276,0.0359684368057869,-0.31212726125069,-0.285771224668162,-0.00894516249957821,-0.0502537992018188,0.954920002628684,-0.154004997777841,-0.143019180351279,0.736293146468093,-0.379971376290872,0.896886525694372,-0.334624575234711,0.0830473135774696,0.901473388672389,0.416660600140721,0.0475215839892879,-0.343117319124322,0.0327051700548176,-0.0990034265739534,-0.245475429967287,0.213693601349828,-0.0696260797245064,0.891627736419978,-0.17448405281259,-0.0230518044115695,0.181745282507472,-0.31134642676674,0.894761310615887,-0.322193688658129,-0.0239991387121081,0.900583016034729,0.526903583985839,-0.0460959879425807,-0.254919398170686,0.181957199496935,-0.0554107796407589,0.390427503937425,0.424670935505193
"COD_av",-0.0577311621842353,0.225086859477296,0.174444782028482,-0.523695246777668,-0.555962872863968,-0.555264012406933,-0.600032976563364,0.226190999665208,-0.176451268384652,1,0.580220260031494,0.413269428649165,-0.0827384948080785,-0.330797639317046,0.2034721413721,0.671486540709695,-0.336303702030659,-0.247398293843908,0.278379671452869,0.202128773873095,-0.318075135073993,-0.400165995579212,-0.323390524059812,-0.284425912613061,0.0904499928756964,-0.0349787454387245,0.871726596060281,0.639455011870172,0.530250518268905,0.181657116930965,-0.313285835312375,0.363259385432894,0.625254158274995,-0.330647455984282,-0.266783029825097,0.171566398347079,-0.0476362372770643,-0.585343774776755,-0.464185605053968,-0.490686845992185,-0.529636663725892,0.173729555695118,-0.30456399013157,0.773636153792874,0.229726001153996,0.0991161433519152,-0.462677160721884,-0.356401362644651,0.0373790542509745,0.518032594272445,-0.340615584635955,-0.377395765015254,0.195663136780248,-0.048120973629787,-0.428418048829007,-0.231605335143353,-0.297409504663996,-0.190884941907111,-0.0130758741436607,-0.301626373873178,0.697579518414459,0.423662659213227,0.391192821850059,-0.37676015836265,-0.32932193782026,0.0665608288091249,0.496687676769316,-0.338183347507295,-0.321289491459481,0.233648928425574,-0.014904619951693,-0.194075916943441,-0.343127029271354,-0.2763989256734,0.0158320348245238
"KjN_av",-0.0357850769339763,0.1850105397978,0.193505693553766,-0.208388570179541,-0.661394704526019,-0.62543442392694,-0.325281265225081,0.477910338773257,0.0905869383920427,0.580220260031494,1,0.851412161009622,0.166104646937475,-0.122554947554168,0.584833805710253,0.854206199456731,-0.138250122296925,0.108764761234984,-0.00159130716120981,0.0309584118042017,-0.0932324311683043,-0.378602766574535,-0.226599256367561,0.157539308676634,0.316226326297614,0.196066446333446,0.426661567255042,0.909132406202073,0.855026295369288,0.373304107306232,-0.118278558396398,0.637330730554388,0.706528992213,-0.130031965060003,-0.00810424970845464,-0.0327972007148368,0.236144606173654,-0.171611187699471,-0.48474167868873,-0.498234876079885,-0.522959854040738,0.432822718077946,0.00711711097829124,0.621682825271158,0.522916319873969,0.557391411641101,-0.238544850552185,-0.145662694725417,0.443554648147705,0.792026090947645,-0.145554787283123,0.00352720237388902,0.0817397968595304,-0.0594924848342283,-0.159567136845344,-0.317297099408328,-0.358644729926802,0.174483250630995,0.241863818009939,-0.0705815656548668,0.458801430006135,0.57919349509391,0.589965802867559,-0.0627524045725603,-0.129802774561961,0.467874922285678,0.631010103845086,-0.142501153078905,0.0283799527505755,-0.0175336048943711,-0.104784452991318,-0.142704131829127,-0.0357239937827182,-0.158027217118296,-0.095226135686243
"NH4_av",-0.0398634838131249,0.1539266996718,0.147703457091434,-0.267385491318706,-0.666437296517909,-0.654230521938825,-0.376133524472143,0.475525740525539,0.495477671708625,0.413269428649165,0.851412161009622,1,0.108194306649202,0.356255206624092,0.480445893595634,0.756438771628384,0.330171165241471,0.0618919706542529,0.0306232456211525,0.0835716683784446,-0.214654294841072,-0.452869934850221,-0.316503657443902,0.117529903179878,0.327141337688653,0.461861613230525,0.304300874091985,0.824094476406359,0.93526974028593,0.337686808250621,0.362970367201095,0.524321584421342,0.559621442464672,0.335652406523513,-0.0462579454675932,-0.0226981442983154,0.24158741093571,-0.221525997525043,-0.47740791513771,-0.489502823127514,-0.472954791229789,0.436019525094902,0.482355539220968,0.412412201676375,0.307466411300509,0.792976283620583,-0.310970065633454,0.325485926727014,0.331915773537438,0.711390902165243,0.323684591978198,-0.0293879029149298,0.12876310689212,-0.0290708178203758,-0.181750342592679,-0.428991542061153,-0.477260383491516,0.158708107746929,0.267992822597199,0.444317118543802,0.370541012186929,0.628869278611248,0.743407090883531,-0.222613674268676,0.342796737015855,0.347691767118288,0.649555612776444,0.327489631325409,-0.0428890904056979,-0.00896235492469929,-0.277751287790694,-0.175685331995487,-0.192767675541913,-0.114459768638457,-0.0372978875913925
"NO3_av",0.217053627466238,-0.309417498570856,0.126860820422212,0.182522183343208,0.173353964017263,0.232639906138047,0.128728483514,0.471126340352976,-0.367914171637057,-0.0827384948080785,0.166104646937475,0.108194306649202,1,-0.182402201317597,0.893024942229737,0.189123287216786,-0.237959358861924,0.262888374762613,0.0539720525939569,-0.0264733630486552,-0.0105210009662718,-0.214008045821564,-0.0609145704447123,0.284562068477179,0.322175249189978,-0.446401368677008,-0.175313040911843,0.290644867162916,0.1765359569453,0.913887612358674,-0.182922504538088,0.705155159970532,-0.0684170515003465,-0.241001568402041,0.186112840522081,0.132657915869399,0.213575652598719,0.242565999961119,0.30867130886349,0.306938367165506,0.112667996058883,0.492764698351935,-0.274654681950624,-0.197548079721177,-0.0669902292513398,-0.161634889252882,0.649393198430037,-0.218268485560362,0.87391418958311,0.220610016898072,-0.23990811844804,0.229333203808573,0.0668786682547487,-0.0636032313557986,0.243660152503046,0.19319660642171,0.206373204151451,0.287373035751611,0.394076828576342,-0.159589675879782,0.206567655850579,0.422638048484483,0.353632185770605,0.601884532552267,-0.227525220184797,0.878006422403604,0.327709101299044,-0.236261820784327,0.361575248419384,-0.0504740400021485,-0.182866430309034,-0.0493659202888272,0.138523350241698,-0.183408591375618,-0.1234132215776
"NO2_av",-0.0251657261715065,0.00627250244319772,-0.228744572420585,-0.0192930020645366,-0.139736427514013,-0.196734214676631,0.00986733789407788,-0.0084566318050532,0.896172124977326,-0.330797639317046,-0.122554947554168,0.356255206624092,-0.182402201317597,1,-0.214126039110788,-0.0938167520587996,0.996598099709058,0.0912952813904487,-0.0252613796122105,-0.0234145043790236,-0.0748520721631882,-0.146412817375854,-0.163531997330876,0.0663306852222498,0.00325524550187012,0.733401616573178,-0.250180958201123,-0.0678674914244435,0.202751079920086,-0.164715979603619,0.997729977822163,-0.229494227882503,-0.115717671875043,0.99627904840978,0.0417837129286509,-0.0600657862143478,-0.00606524151308204,-0.00406145948147827,-0.103008856084275,-0.0858742810499465,0.0477389802078045,-0.0139606641808964,0.934734100955746,-0.30980163083511,-0.323209674937459,0.586749607641518,-0.1755281661817,0.997868277242341,-0.202786980195774,-0.0646608799679782,0.996464395519259,0.0929548193838012,0.0903506825051471,-0.192173319734131,0.0145300903367383,-0.097274063313782,-0.163880974068478,0.0779796131492552,0.011068015643586,0.944005107981706,-0.192314675422148,0.00597594210462026,0.209117550075505,-0.213141116642795,0.994666319999891,-0.226927671160561,-0.0322492259284179,0.996655168915174,0.12572043235982,-0.0390479290371993,-0.277274356801128,0.0612563693789943,-0.134797151273875,0.139953092577109,0.154431436631711
"Nt_av",0.132145457060659,-0.258076359700574,0.231131835523667,0.0463978856389882,-0.177387972022273,-0.10887418313596,-0.0456383666259223,0.575013527221365,-0.29652668723681,0.2034721413721,0.584833805710253,0.480445893595634,0.893024942229737,-0.214126039110788,1,0.540337528140889,-0.269859909217678,0.244636503078145,0.0711710407330314,0.030268471351841,-0.0694049473774038,-0.354475886344044,-0.169291635221513,0.286225503215723,0.402186474782405,-0.315093156507117,0.0740649236408073,0.632165802712888,0.535079977486535,0.913790987016919,-0.210159811272694,0.877861864259709,0.272612666874532,-0.268866678789742,0.131035681948217,0.11962576447447,0.264474398366479,0.111925977460134,0.00986995782980132,0.00291509294557763,-0.146382342403871,0.570296899451353,-0.250812819537468,0.126523535810479,0.204988427432016,0.13280815126992,0.451409807259119,-0.255505451459255,0.92123021434317,0.539121493678282,-0.274402198848619,0.173880784278211,0.104153793819801,-0.0442037603856693,0.125462796530892,-0.0026764945052972,-0.00539882054716938,0.29098991112272,0.4147820386602,-0.190444433152437,0.361550681715683,0.575583386331591,0.534173303689236,0.482537265460904,-0.253044300945032,0.922077634069114,0.541667239398858,-0.270478221584511,0.298350338918363,-0.0373340732841431,-0.206475632969074,-0.138575252100994,0.0482473792674596,-0.251921147938104,-0.147937743876031
"Pt_av",-0.0537585279787741,0.0502402620222014,0.18729275500081,-0.208306513741804,-0.670544586280742,-0.652153410671456,-0.275462305250407,0.6634396648069,0.0979206442044825,0.671486540709695,0.854206199456731,0.756438771628384,0.189123287216786,-0.0938167520587996,0.540337528140889,1,-0.1159815335559,0.0119211838538068,0.227522368489278,0.245825142124183,-0.0743798442775742,-0.569408344338085,-0.393046924947144,0.26700333954279,0.53378820951865,0.201378115684082,0.518512971756564,0.845865151056123,0.762392404075862,0.400057421891943,-0.082160822798675,0.549814316039767,0.85381996994886,-0.108047127071967,-0.16063851988931,0.179348576587206,0.157638305876752,-0.191212658281661,-0.474656617147622,-0.48685726069774,-0.560921138204235,0.573356588566798,-0.008336179884437,0.675046078367514,0.374730508997254,0.49611805498891,-0.268601097287707,-0.12410509307428,0.415253258476804,0.920088368674184,-0.122762820988839,-0.0254552519810006,0.197366380543225,-0.0944126310938498,-0.0853872412576414,-0.245490706714081,-0.312794941941788,0.253899645773652,0.406165527379358,-0.0333043302174774,0.540489028969526,0.594827846495007,0.61821771751707,-0.136987609510456,-0.0915019100107604,0.413001991510294,0.752507992666836,-0.120245799051867,-0.0155594880684725,0.122100552462725,-0.0387609049842658,-0.270782907238603,-0.165056407582437,-0.231227367419497,-0.0224366562288763
"oPO4_av",-0.0172362660959851,0.000160950187721673,-0.244160776201507,-0.0211051129955631,-0.134995070553176,-0.19545964203234,0.0122588809244463,-0.0379785239827109,0.903641420751067,-0.336303702030659,-0.138250122296925,0.330171165241471,-0.237959358861924,0.996598099709058,-0.269859909217678,-0.1159815335559,1,0.234693558046102,-0.0496190438466936,-0.0418187603011936,-0.0666841569601428,-0.12903309068493,-0.155996193974103,0.0564075562166513,-0.020483980727911,0.749492252685619,-0.24989743664487,-0.087862334313901,0.174319781840637,-0.214076988233373,0.992284299123684,-0.275758768451991,-0.119592493827631,0.999876004176222,0.0636714735962975,-0.0861836635580981,-0.0164267994587223,-0.00695782072619869,-0.100208355349228,-0.0837709068573163,0.0548954403320997,-0.0394313490549843,0.933425091839256,-0.310833976348437,-0.329232051686659,0.579101497412191,-0.212763049195577,0.998628852705024,-0.258273845117136,-0.0908142183946934,0.99995885184345,0.185312171243932,0.0703358810522744,-0.193425025119054,0.0038163709395846,-0.0945113576515973,-0.161415493305987,0.0721409437799782,-0.0211651995770508,0.941341046115432,-0.213852145356618,-0.0189804033726706,0.180034481229665,-0.240612177058778,0.994135103088154,-0.273445341659821,-0.0639557904708648,0.999952171344326,0.135637532721444,-0.051541539049931,-0.26536089908406,0.0808144975773798,-0.107507478310841,0.162644801481055,0.139623616498856
"SO4_av",0.19404638741066,-0.125240783872543,0.186380044598598,0.658238266350925,0.292759814162461,0.33637112642731,0.590199318345345,0.260097560519185,0.527862406274218,-0.247398293843908,0.108764761234984,0.0618919706542529,0.262888374762613,0.0912952813904487,0.244636503078145,0.0119211838538068,0.234693558046102,1,-0.175301899314844,0.104222064781072,0.48739642230143,0.280857932353109,0.268879268866568,0.743210174831075,0.186920256212857,0.322560331949424,-0.32061344515894,0.0567441441362316,0.00470667838463986,0.243830143159522,-0.142832490988645,0.157008599405289,-0.149879009217345,0.142363381649256,0.87782148346648,-0.116726777949413,-0.0570522690470842,0.605800394100597,0.21353628983362,0.284130077476223,0.347755378044816,0.305392095744931,0.791714527578588,-0.179955331093257,0.128275329462134,0.222499390384431,0.189257245802794,0.341847946384606,0.255238627345957,0.123053449300191,0.257619692255785,0.858546093785031,-0.0611256423627659,0.138241062316583,0.66103183295991,0.277586776273819,0.393344890145442,0.678036015567127,0.253573132848357,0.30339051419709,0.0112915141258279,0.0220032169890609,-0.00205768564193166,0.2703412722317,-0.277585040492605,0.236979577486516,0.0847590457174616,0.189339350544187,0.847331465963899,-0.0408927194985201,-0.0595450253648293,0.35964056348717,0.472674174433907,0.100439327437077,0.153789181120792
"SM_av",-0.310800516074818,0.0558659256290129,-0.122670515581656,-0.107709429367828,-0.0531281553224619,-0.0953654772470868,-0.0518607298485524,-0.121730381901515,-0.0743922492899682,0.278379671452869,-0.00159130716120981,0.0306232456211525,0.0539720525939569,-0.0252613796122105,0.0711710407330314,0.227522368489278,-0.0496190438466936,-0.175301899314844,1,0.0411268658242338,-0.125728924097517,-0.162318862140575,-0.236726392353395,-0.107005548135949,-0.174350373153709,-0.0439380570812613,0.354358589646734,-0.00569816875098927,0.0470273214842026,-0.0153836722129903,-0.00815027221871172,0.0384999075689039,0.246183363106896,-0.0513869756721171,-0.287328245048439,0.876896550650664,-0.0249216534085122,-0.0700196656737321,-0.00444062213086652,0.00335625978866078,0.0152614055667119,-0.118117000674675,-0.0826016866771051,0.177236129904995,0.226432708927584,0.0446255391991002,0.185410505583546,-0.0386815077132711,0.136013364367424,0.311909489623808,-0.0479370704782415,-0.0880418356500534,0.671889073860011,-0.0367013253286619,-0.0509785046078183,-0.000352656770796085,-0.01991269726831,0.0418318993502825,-0.103134293768178,-0.0877447060381446,-0.00243231432981925,-0.0870246844838575,-0.00593019358796541,0.0790503125822116,-0.0173407763230598,0.0207242285010974,0.0414748789343247,-0.0505080704374424,-0.085096703626522,0.310360348053264,-0.0660765754175676,-0.16794500352497,-0.282053428994218,-0.0597054474208948,0.00235674642003002
"T_max",0.00946092723147831,0.24242192036174,0.531515553338641,0.024787673243603,-0.314601962519723,-0.205134804131175,0.0290958083854922,0.245875572761872,-0.0540697312187974,0.202128773873095,0.0309584118042017,0.0835716683784446,-0.0264733630486552,-0.0234145043790236,0.030268471351841,0.245825142124183,-0.0418187603011936,0.104222064781072,0.0411268658242338,1,0.169461156473229,-0.0461186561943734,0.198856579732383,0.182643453461444,0.266694519255642,-0.0280567159510443,0.269918428958032,0.0497748956512315,0.170837629803554,0.0546515191325409,0.000969144339444353,0.206561114765128,0.282364245329746,-0.0406270697905846,0.0289972887970993,0.127942788813561,-0.11442940598266,-0.0887230270021688,-0.504058582995203,-0.442198259002215,-0.151693677929705,0.147282250249668,-0.113242049157591,0.251207645401518,-0.039919303656538,0.0367102281432784,-0.182847949693764,-0.0457104139882716,-0.0979689685070443,0.205111259603923,-0.0416135326820285,0.129539613880715,-0.0723609428945271,0.227971104245394,0.107020586003885,-0.285003305887092,-0.228192544550032,0.0674357044215856,0.309851241786488,-0.00918528780952663,0.226295800312383,0.0296243367378833,0.0804481760635174,-0.0357205708201579,0.0034494678075609,0.0371792275962263,0.225526343049956,-0.0422539831021525,0.176879333491615,-0.0124976804223096,0.220767467005315,-0.5227439505415,-0.537281750829872,-0.499749364816896,0.519866725152393
"pH_max",0.0037229072809232,-0.146455358489077,0.105118642707139,0.908913718553663,0.316150041355578,0.346432046222093,0.79636547204929,0.154520857485574,0.0216504362781622,-0.318075135073993,-0.0932324311683043,-0.214654294841072,-0.0105210009662718,-0.0748520721631882,-0.0694049473774038,-0.0743798442775742,-0.0666841569601428,0.48739642230143,-0.125728924097517,0.169461156473229,1,0.520244357834097,0.541705225900469,0.717619315254908,0.172129757237865,0.17928451074244,-0.370344523664519,-0.139188494869006,-0.221368440325072,-0.118311255560815,-0.078329112429573,-0.181242771041568,-0.0094753650283167,-0.0640687257204011,0.484699307278775,-0.0694698780765719,-0.0300886518937626,0.803765347424314,0.0281173381087826,0.109002833781436,0.488127205110418,0.176383011299629,-0.0710812698612829,-0.0798437328653943,-0.0565577578185162,-0.152987583621096,0.139721471986956,-0.0601201213994388,-0.0388669260168087,-0.00771950407452902,-0.0672167375203352,0.52408316281887,-0.0740784864043069,0.131594484847281,0.834271106309969,0.311879124851187,0.425769484361246,0.54401355224976,0.140864782967729,-0.31052892408383,-0.123804046335881,-0.237301005223803,-0.28023987889198,0.192134317537526,-0.078195806046602,-0.0431915912912551,-0.0528783980615773,-0.0675540314291368,0.441499940228351,0.0768082705929802,0.202891908826205,0.231953166929221,0.287096065103753,0.296808336882475,0.150877573712505
"O2_max",0.0378214212475504,-0.0685882502982525,-0.116160724240704,0.522625350947076,0.607047709597564,0.583701920008904,0.462953270276084,-0.3817557818046,-0.114114730294609,-0.400165995579212,-0.378602766574535,-0.452869934850221,-0.214008045821564,-0.146412817375854,-0.354475886344044,-0.569408344338085,-0.12903309068493,0.280857932353109,-0.162318862140575,-0.0461186561943734,0.520244357834097,1,0.813672050048066,0.074705636908656,-0.316223804846539,-0.104270249381974,-0.335594266019213,-0.41450073325338,-0.428590617063284,-0.342845515043196,-0.156989867075885,-0.338083874873271,-0.425689653906815,-0.130612466956123,0.381016193371734,-0.0918000617045755,-0.196569426999399,0.461327899436507,0.178006939676654,0.237741948984637,0.540261777863786,-0.330147035290628,-0.048751817293032,-0.298404348147253,-0.0471633307078821,-0.391773957204321,0.0923722102931986,-0.125933055540299,-0.356036885991738,-0.545246608685065,-0.126175214176292,0.299776434193742,-0.265068064154075,0.189017006391609,0.350480840611862,0.160130690466104,0.264494965182923,0.0207522014315793,-0.287287515704247,-0.204883197737004,-0.35628855598585,-0.356500618374134,-0.410561643468798,0.0708097588215728,-0.161904623275948,-0.252945309590021,-0.402347526917821,-0.126886983383017,0.149659044854391,0.00318559303674564,0.188296883436459,0.263714295087382,0.185142814629663,0.217198895908815,0.199397735596582
"O2_sat_max",0.136133508930372,-0.00757572232286922,0.234443244875405,0.481157759188242,0.454953202424326,0.542072410188855,0.389823886990024,-0.170802591234676,-0.197149107880318,-0.323390524059812,-0.226599256367561,-0.316503657443902,-0.0609145704447123,-0.163531997330876,-0.169291635221513,-0.393046924947144,-0.155996193974103,0.268879268866568,-0.236726392353395,0.198856579732383,0.541705225900469,0.813672050048066,1,0.158212114292063,-0.136221457599014,-0.168397025626763,-0.397931639503255,-0.243166045935952,-0.285734207431321,-0.14025763890434,-0.176879992235073,-0.186594439633599,-0.369283780523291,-0.157589698347382,0.322951724094388,-0.178972923358877,0.147858098508522,0.431055008441797,0.0655764406117417,0.121229155608016,0.472867594006357,-0.118180467508097,-0.14796720132033,-0.20059291375389,-0.119073500368751,-0.379149078788466,0.109509767912539,-0.153412256599589,-0.197905659765865,-0.383002082420931,-0.154677456964831,0.34306338776595,-0.261639964648804,0.230968801122073,0.307720652187438,-0.0219059140816063,0.0964481403706611,0.061637035416013,-0.0398447701757116,-0.277367942733805,-0.181749912836558,-0.164032455924959,-0.218063503361144,0.0833038257648162,-0.178881582825881,-0.0707417784317938,-0.158046639496906,-0.153506505357349,0.164060962234008,-0.0720765812164305,0.263835054856614,0.0388815056524419,0.0676433074504731,-0.0437802489568024,0.290729520429349
"con_max",0.0868785264367606,-0.249258863918096,0.111087495970668,0.763375070284741,0.111800139516034,0.149299853940133,0.765829659905826,0.550815029054512,0.235443434484107,-0.284425912613061,0.157539308676634,0.117529903179878,0.284562068477179,0.0663306852222498,0.286225503215723,0.26700333954279,0.0564075562166513,0.743210174831075,-0.107005548135949,0.182643453461444,0.717619315254908,0.074705636908656,0.158212114292063,1,0.510313673894845,0.278746892324531,-0.363007017282897,0.131807452468597,0.0608277131500474,0.239836499214694,0.0579818235316898,0.137913098931123,0.149284330936746,0.0589071522235145,0.602938307902132,-0.0569892617903411,0.0543402621616245,0.736179656139566,0.0650675803232498,0.117227917840268,0.305445060223807,0.553135285784345,0.205002826384577,-0.0990466680970704,0.0198863354792992,0.183127454793166,0.198373333919903,0.0680170505350872,0.313015514831582,0.377726047156566,0.0540499310833514,0.754608392965691,-0.00228118333246087,0.106174975241038,0.825672788353248,0.222869431776693,0.312009377498276,0.785300269849538,0.477612865919302,0.107720280266857,-0.036241867955784,0.0952322091661317,0.0800434290973431,0.256003630702843,0.0552932332982822,0.291085983156403,0.271285276238883,0.0546097286947055,0.669727508099077,0.018554843941913,0.0741823804917224,0.214042717512971,0.40374477144277,0.208693758603433,0.115858200772371
"Cl_max",0.0461254657196416,-0.309975997729395,0.198172711964733,0.174369253495248,-0.171102177391628,-0.12847173017127,0.0498770637318951,0.906611915705903,-0.0542948410053909,0.0904499928756964,0.316226326297614,0.327141337688653,0.322175249189978,0.00325524550187012,0.402186474782405,0.53378820951865,-0.020483980727911,0.186920256212857,-0.174350373153709,0.266694519255642,0.172129757237865,-0.316223804846539,-0.136221457599014,0.510313673894845,1,-0.0522326560645406,-0.0328660559882522,0.453331027099862,0.364047255601834,0.42221357376656,-0.00478382202837976,0.350839987155832,0.397212347911017,-0.0160234653768393,0.0528425306878656,-0.127725235430249,0.121669808621241,0.162598298815551,-0.0624156155867674,-0.0603233104120186,-0.387006019785987,0.769779121111084,-0.0740576176422926,0.132882283535394,-0.0684755294654898,0.138551826588512,-0.10913258038066,-0.0145412775235201,0.316455452172099,0.454132214775203,-0.0255279955234077,0.214109470966298,-0.102032282544854,-0.0137465862336264,0.294868593312308,0.00415117202369522,-0.011515712050854,0.155665648058492,0.828568601755005,-0.0430054508562731,0.277763094943852,0.553067592093172,0.505615857339123,-0.127544220237643,-0.00500423770327359,0.36456301739735,0.594965895359464,-0.0208903830585655,0.0777011087096501,-0.0997312905276274,0.0804419100412696,-0.259684654179816,0.0840874461981711,-0.190924486642875,0.0425534004831838
"BOC_max",-0.105340307262394,0.166457822468867,-0.348664141810212,0.0493063793170358,-0.429982342364856,-0.523521662734337,0.178273767608514,-0.0197632144302755,0.942144861568151,-0.0349787454387245,0.196066446333446,0.461861613230525,-0.446401368677008,0.733401616573178,-0.315093156507117,0.201378115684082,0.749492252685619,0.322560331949424,-0.0439380570812613,-0.0280567159510443,0.17928451074244,-0.104270249381974,-0.168397025626763,0.278746892324531,-0.0522326560645406,1,0.0257486241902941,0.165260044639133,0.271077816796636,-0.315924799394408,0.731630342024575,-0.294684235375294,0.33760970986852,0.758086856422419,0.403048683741057,-0.136582294688335,-0.227284221092781,0.0718622099557678,-0.445578232011798,-0.425214954237601,-0.0238594795759692,-0.0637873615859821,0.813291350364098,0.00361292598959542,-0.045672548221174,0.667333204910913,-0.435158761208614,0.736616880611369,-0.368314527725513,0.124609271363985,0.746446860672172,0.219188230177457,0.0272655248225102,-0.346427343333838,0.0542060966814186,-0.100404379864205,-0.256884757561939,0.22671503015879,-0.103716139162965,0.716044562023396,-0.153803473279573,-0.0791603955239873,0.0963867580440366,-0.275872564462605,0.740267401136036,-0.347667552781165,-0.0535684924023962,0.744955269350911,0.355619267226405,-0.0987405656158044,-0.128477117433659,0.162310820691733,0.00753526836386966,0.377317749927818,0.441538427640442
"COD_max",-0.0504005933341327,0.233309958537363,0.0826201671580581,-0.551748088111463,-0.538105653995718,-0.566504440176648,-0.531156690180498,0.0353006998332978,-0.116693521859883,0.871726596060281,0.426661567255042,0.304300874091985,-0.175313040911843,-0.250180958201123,0.0740649236408073,0.518512971756564,-0.24989743664487,-0.32061344515894,0.354358589646734,0.269918428958032,-0.370344523664519,-0.335594266019213,-0.397931639503255,-0.363007017282897,-0.0328660559882522,0.0257486241902941,1,0.468644943872773,0.442489460710196,0.047863297043995,-0.223808230796452,0.335706206156448,0.647474696290058,-0.244758824556498,-0.260171459033444,0.326572634321469,-0.295289090336446,-0.594746982160474,-0.462822260645393,-0.479006525446472,-0.497700276221122,-0.0496346223993454,-0.269848405912748,0.588985467088491,0.259776305409631,0.106142912069287,-0.396510960960949,-0.271978267005575,-0.0943775554852648,0.341459119495902,-0.252020547067759,-0.505237890097353,0.0817785445325789,0.0342194566833528,-0.415141364388035,-0.232608972278535,-0.281806406591419,-0.269217352219811,-0.109168913901151,-0.183137637412013,0.396904752858134,0.207757416376869,0.199187333124912,-0.30390527988793,-0.228599357619583,-0.0555300030396417,0.235245420575614,-0.252262585993309,-0.324140849084019,0.0830672729046796,-0.0550032437241163,-0.201532138150817,-0.373525446240005,-0.23817544863715,0.037410203274953
"KjN_max",0.0551096529283269,0.0363103818756844,0.223548568736251,-0.248867676163395,-0.63637604329715,-0.591791501704471,-0.389472211667992,0.655352377639033,0.0847608477392853,0.639455011870172,0.909132406202073,0.824094476406359,0.290644867162916,-0.0678674914244435,0.632165802712888,0.845865151056123,-0.087862334313901,0.0567441441362316,-0.00569816875098927,0.0497748956512315,-0.139188494869006,-0.41450073325338,-0.243166045935952,0.131807452468597,0.453331027099862,0.165260044639133,0.468644943872773,1,0.918517965460404,0.552740598751649,-0.0664921004686777,0.724635602609445,0.67056649510515,-0.0804646979320659,-0.00779556171158653,-0.0272423319595017,0.248251669653511,-0.221876313238422,-0.437540566398474,-0.454760963632268,-0.491228433710092,0.617183882955221,-0.00225275444336787,0.539385419388789,0.241618199764174,0.394912307889051,-0.320896921552975,-0.100553049252608,0.413126096630084,0.695376340116497,-0.0959463343445677,-0.0863535086791216,0.053245466866364,-0.023762713255562,-0.163789504961384,-0.368943446857437,-0.405096659014925,0.161629704498469,0.334768599362692,-0.0123370677034654,0.58893721517486,0.822105599482541,0.804128492176989,-0.198515795926446,-0.089553893679245,0.537430486333358,0.785572770117836,-0.0895849976370075,-0.0668334581238871,-0.0133378534634871,-0.0932795595610735,-0.185250365970827,-0.00636845453325272,-0.177301911738395,-0.108791443358297
